14 14 14 14 14 14 14 14 14 9 14 14 14 14 9 14 14 14 14 14 14 14 14 14
0 0 0 0 0 0 14 9 9 9 1 1 1 1 9 9 9 14 2 2 2 2 2 2
0 0 0 0 0 0 9 9 1 1 1 1 1 1 1 1 9 9 2 2 2 2 2 2
0 0 0 0 0 0 9 9 1 1 1 1 1 1 1 1 9 9 2 2 2 2 2 2
0 0 0 0 0 0 9 9 1 1 1 1 1 1 1 1 9 9 2 2 2 2 2 2
0 0 0 0 0 0 9 13 1 1 1 1 1 1 1 1 10 9 11 2 2 2 2 14
14 0 0 0 0 0 9 9 1 1 1 1 1 1 1 1 9 9 9 9 9 9 9 9
9 9 9 9 11 9 9 9 1 1 1 1 1 1 1 1 9 9 9 9 9 9 9 14
14 9 9 9 9 9 9 9 9 11 9 9 9 9 11 9 9 9 3 3 3 3 3 3
8 8 8 8 8 9 9 9 9 9 9 9 12 9 9 9 9 13 3 3 3 3 3 3
8 8 8 8 8 8 8 8 9 9 14 14 14 14 14 9 9 9 3 3 3 3 3 3
8 8 8 8 8 8 8 8 9 9 14 14 14 14 14 9 9 9 3 3 3 3 3 3
8 8 8 8 8 8 8 8 10 9 14 14 14 14 14 9 9 9 3 3 3 3 3 3
8 8 8 8 8 8 8 8 9 9 14 14 14 14 14 9 9 9 9 9 12 9 11 14
8 8 8 8 8 8 8 8 9 9 14 14 14 14 14 9 9 9 4 4 4 4 4 14
8 8 8 8 8 8 8 8 9 9 14 14 14 14 14 9 9 4 4 4 4 4 4 4
14 9 9 9 9 9 11 9 9 9 14 14 14 14 14 9 13 4 4 4 4 4 4 4
9 9 9 9 9 9 9 9 9 9 9 12 12 9 9 9 9 4 4 4 4 4 4 4
14 9 9 9 9 9 12 9 9 6 6 6 6 6 6 9 9 9 4 4 4 4 4 14
7 7 7 7 7 7 7 9 9 6 6 6 6 6 6 9 9 9 9 9 9 9 9 9
7 7 7 7 7 7 7 9 9 6 6 6 6 6 6 10 9 12 9 9 9 9 9 14
7 7 7 7 7 7 7 9 9 6 6 6 6 6 6 9 9 5 5 5 5 5 5 5
7 7 7 7 7 7 7 9 9 6 6 6 6 6 6 9 9 5 5 5 5 5 5 5
7 7 7 7 7 7 7 9 9 6 6 6 6 6 6 9 9 5 5 5 5 5 5 5
7 7 7 7 7 7 14 9 14 6 6 6 6 6 6 14 9 14 5 5 5 5 5 5

0 - Kitchen
1 - Ball Room
2 - Conservatory
3 - Billiard Room
4 - Library
5 - Study
6 - Hall
7 - Lounge
8 - Dining Room
9 - Normal Board.Tile
10 - LEFT entrance
11 - UP entrance
12 - DOWN entrance
13 - RIGHT entrance
14 - NULL Board.Tile
17 - Entrance for basement

Start Tiles: 
White [0, 9]
Green [0, 14]
Peacock [6, 23]
Plum [19, 23]
Scarlett [24, 7]
Mustard [17, 0]